devdigest-mcp/.npmrc
  s_d57952076a6178::t_e537e747c8c760 1
devdigest-mcp/package-lock.json
  s_d57952076a6178::t_a8f2482fa148ba 29,46,63,80,97,114,131,148,165,182,199,216,233,250,267,284,301,318,335,352,369,386,403,420,437,454,471,483,490,530,547,561,575,589,603,617,631,645,659,673,687,701,715,729,743,757,771,785,799,813,827,841,855,869,883,897,904,914,930,957,970,984,999,1012,1027,1040,1056,1073,1083,1107,1120,1129,1139,1152,1168,1185,1195,1208,1217,1226,1235,1252,1266,1283,1293,1302,1316-1317,1322,1331,1340,1349,1356,1368,1410-1411,1416,1426-1427,1435,1447,1456,1466,1509,1528,1534,1550,1571,1580,1589,1604,1613,1637,1650,1662,1674,1686,1695,1715,1731,1737,1746,1755,1761-1762,1767,1776,1782,1788,1795,1805,1814,1827,1839,1848,1864,1870,1889,1905,1918-1919,1927,1939,1951-1952,1960,1969,1978,1988,1995,2005,2012,2021,2050,2063,2079,2092,2107,2116,2162,2178,2184,2210,2229,2235,2247,2256,2275,2291,2309,2328,2335,2345,2352,2361,2368,2375,2382,2392,2402,2412,2421,2440,2458,2471,2485,2492-2493,2501-2502,2510,2570,2593,2610,2627,2644,2661,2678,2695,2712,2729,2746,2763,2780,2797,2814,2831,2848,2865,2882,2899,2916,2933,2950,2967,2984,3023,3089,3104,3121-3122,3127,3136
---
{
  "schema_version": "authorship/3.0.0",
  "git_ai_version": "1.6.22",
  "base_commit_sha": "4e117a3775f26af2cc5537f9de886a4fdb875e62",
  "prompts": {},
  "sessions": {
    "s_d57952076a6178": {
      "agent_id": {
        "tool": "cursor",
        "id": "731f1ba1-a1d0-40f4-8665-5dc8de42c941",
        "model": "default"
      },
      "human_author": "Olly Holovchenko <olly.holovchenko@gousto.co.uk>"
    }
  }
}